#AmountOfElements,N		#TimeOfSorting,ms
81					0.016509
162					0.034838
729					0.188619
2268					0.683033
5265					2.00203
10206					4.07319
17577					9.04181
27864					13.7734
41553					21.4835
59130					32.0996
81081					47.8956
107892					68.6693
140049					93.0271
178038					129.522
222345					171.447
273456					225.555
331857					284.984
398034					359.044
472473					443.904
555660					564.483
648081					660.306
750222					799.859
862569					946.433
985608					1121.33
1119825					1308.36
1265706					1525.18
1423737					1761.88