#AmountOfElements,N		#TimeOfSorting,ms
81					0.016822
162					0.034019
729					0.182956
2268					0.707159
5265					1.89765
10206					4.0496
17577					7.91775
27864					14.8255
41553					22.5698
59130					35.4893
81081					50.5472
107892					72.9164
140049					100.32
178038					136.023
222345					183.428
273456					236.668
331857					309.95
398034					382.298
472473					478.111
555660					590.161
648081					704.76
750222					846.05
862569					1007.57
985608					1202.73
1119825					1375.1
1265706					1605.95
1423737					1831.93