#AmountOfElements,N		#TimeOfSorting,ms
81					0.017114
162					0.03659
729					0.191448
2268					0.744178
5265					2.01553
10206					4.27406
17577					8.9012
27864					13.7494
41553					22.0993
59130					32.8374
81081					48.9951
107892					66.8762
140049					95.2247
178038					128.375
222345					175.075
273456					228.771
331857					287.599
398034					363.31
472473					449.145
555660					563.439
648081					659.238
750222					809.874
862569					973.126
985608					1122.52
1119825					1317.95
1265706					1518.68
1423737					1754.22