#AmountOfElements,N		#TimeOfSorting,ms
81					0.01625
162					0.035633
729					0.182076
2268					0.706331
5265					1.96338
10206					3.99784
17577					8.94809
27864					15.2705
41553					22.6884
59130					35.0757
81081					50.1633
107892					72.1469
140049					101.078
178038					135.669
222345					178.719
273456					234.918
331857					299.696
398034					380.479
472473					474.63
555660					585.814
648081					707.09
750222					861.69
862569					993.616
985608					1169.84
1119825					1369.81
1265706					1594.29
1423737					1839.65