#AmountOfElements,N		#TimeOfSorting,ms
81					0.01914
162					0.035317
729					0.202336
2268					0.750309
5265					2.08507
10206					4.62138
17577					9.26735
27864					14.5386
41553					23.653
59130					35.6339
81081					51.729
107892					73.9725
140049					102.292
178038					132.975
222345					178.573
273456					233.418
331857					296.725
398034					382.105
472473					480.592
555660					584.218
648081					717.782
750222					838.685
862569					988.319
985608					1178.88
1119825					1386.75
1265706					1593.61
1423737					1830.97